,Match,Date,Versus,Ground,How Dismissed,Runs,B/F,S/R,Aggr,Avg,S/R.1,B/F.1,Out Count
0,2,05-04-1996,Pakistan,Padang Cricket Ground,run out,4,7,57.14,4,4.0,63.64,7,1
1,3,12-04-1996,Pakistan,Sharjah Cricket Stadium,c †Rashid Latif b Mushtaq Ahmed,3,5,60,7,3.5,58.33,12,2
2,9,16-09-1996,Pakistan,"Cricket, Skating & Curling Club",c Aamir Sohail b Saleem Malik,39,50,78,46,15.33,74.19,62,3
3,10,17-09-1996,Pakistan,"Cricket, Skating & Curling Club",b Saqlain Mushtaq,90,114,78.95,136,34.0,77.27,176,4
4,11,18-09-1996,Pakistan,"Cricket, Skating & Curling Club",c Saleem Elahi b Saqlain Mushtaq,46,93,49.46,182,36.4,67.66,269,5
5,12,21-09-1996,Pakistan,"Cricket, Skating & Curling Club",c †Moin Khan b Saqlain Mushtaq,25,25,100,207,34.5,70.41,294,6
6,13,23-09-1996,Pakistan,"Cricket, Skating & Curling Club",c sub b Mushtaq Ahmed,20,39,51.28,227,32.43,68.17,333,7
7,35,21-05-1997,Pakistan,MA Chidambaram Stadium,c Shahid Afridi b Aaqib Javed,107,116,92.24,334,41.75,74.39,449,8
8,37,20-07-1997,Pakistan,Sinhalese Sports Club Ground,did not bat,-,-,-,334,41.75,74.39,449,8
9,44,13-09-1997,Pakistan,"Cricket, Skating & Curling Club",c Ijaz Ahmed b Shahid Afridi,23,41,56.1,357,39.67,72.86,490,9
10,45,14-09-1997,Pakistan,"Cricket, Skating & Curling Club",run out,14,25,56,371,37.1,72.04,515,10
11,46,17-09-1997,Pakistan,"Cricket, Skating & Curling Club",did not bat,-,-,-,371,37.1,72.04,515,10
12,47,18-09-1997,Pakistan,"Cricket, Skating & Curling Club",c Saeed Anwar b Saleem Malik,25,79,31.65,396,36.0,66.67,594,11
13,48,20-09-1997,Pakistan,"Cricket, Skating & Curling Club",did not bat,-,-,-,396,36.0,66.67,594,11
14,49,21-09-1997,Pakistan,"Cricket, Skating & Curling Club",not out,3*,4,75,399,36.27,66.72,598,11
15,50,28-09-1997,Pakistan,Niaz Stadium,b Aaqib Javed,50,81,61.73,449,37.42,66.13,679,12
16,56,12-09-1998,Pakistan,"Cricket, Skating & Curling Club",c †Moin Khan b Abdul Razzaq,4,10,40,453,34.85,65.75,689,13
17,57,13-09-1998,Pakistan,"Cricket, Skating & Curling Club",c & b Abdul Razzaq,18,30,60,471,33.64,65.51,719,14
18,58,16-09-1998,Pakistan,"Cricket, Skating & Curling Club",b Mohammad Zahid,9,30,30,480,32.0,64.09,749,15
19,59,19-09-1998,Pakistan,"Cricket, Skating & Curling Club",run out,1,1,100,481,30.06,64.13,750,16
20,72,24-03-1999,Pakistan,Sawai Mansingh Stadium,b Shoaib Akhtar,3,9,33.33,484,28.47,63.77,759,17
21,74,01-04-1999,Pakistan,Punjab Cricket Association IS Bindra Stadium,c Shahid Afridi b Shoaib Akhtar,0,3,0,484,26.89,63.52,762,18
22,75,04-04-1999,Pakistan,M Chinnaswamy Stadium,lbw b Azhar Mahmood,25,37,67.57,509,26.79,63.7,799,19
23,76,08-04-1999,Pakistan,Sharjah Cricket Stadium,c Ijaz Ahmed b Shahid Afridi,28,79,35.44,537,26.85,61.16,878,20
24,79,13-04-1999,Pakistan,Sharjah Cricket Stadium,run out,81,121,66.94,618,29.43,61.86,999,21
25,80,16-04-1999,Pakistan,Sharjah Cricket Stadium,lbw b Wasim Akram,0,1,0,618,28.09,61.8,1000,22
26,87,08-06-1999,Pakistan,Old Trafford,c Shahid Afridi b Wasim Akram,61,89,68.54,679,29.52,62.35,1089,23
27,109,10-01-2000,Pakistan,Brisbane Cricket Ground,c †Moin Khan b Shoaib Akhtar,8,18,44.44,687,28.62,62.06,1107,24
28,112,21-01-2000,Pakistan,Bellerive Oval,lbw b Wasim Akram,15,31,48.39,702,28.08,61.69,1138,25
29,113,25-01-2000,Pakistan,Adelaide Oval,c Inzamam-ul-Haq b Shahid Afridi,32,58,55.17,734,28.23,61.37,1196,26
30,115,28-01-2000,Pakistan,WACA Ground,c †Moin Khan b Wasim Akram,3,14,21.43,737,27.3,60.91,1210,27
31,123,23-03-2000,Pakistan,Sharjah Cricket Stadium,c sub b Abdul Razzaq,26,70,37.14,763,27.25,59.61,1280,28
32,124,26-03-2000,Pakistan,Sharjah Cricket Stadium,c †Moin Khan b Shoaib Akhtar,29,46,63.04,792,27.31,59.73,1326,29
33,128,03-06-2000,Pakistan,Bangabandhu National Stadium,lbw b Abdul Razzaq,26,32,81.25,818,27.27,60.24,1358,30
34,202,01-03-2003,Pakistan,SuperSport Park,not out,44*,76,57.89,862,28.73,60.11,1434,30
35,225,13-03-2004,Pakistan,National Stadium,b Shoaib Akhtar,99,104,95.19,961,31.0,62.48,1538,31
36,226,16-03-2004,Pakistan,Rawalpindi Cricket Stadium,b Mohammad Sami,36,45,80,997,31.16,62.98,1583,32
37,227,19-03-2004,Pakistan,Arbab Niaz Stadium,c †Moin Khan b Shoaib Malik,33,86,38.37,1030,31.21,61.71,1669,33
38,228,21-03-2004,Pakistan,Gaddafi Stadium,not out,76*,92,82.61,1106,33.52,62.81,1761,33
39,229,24-03-2004,Pakistan,Gaddafi Stadium,b Mohammad Sami,4,10,40,1110,32.65,62.68,1771,34
40,233,24-07-2004,Pakistan,R Premadasa Stadium,lbw b Abdul Razzaq,5,9,55.56,1115,31.86,62.64,1780,35
41,236,21-08-2004,Pakistan,VRA Ground,run out,0,1,0,1115,30.97,62.61,1781,36
42,242,19-09-2004,Pakistan,Edgbaston,c & b Naved-ul-Hasan,67,108,62.04,1182,31.95,62.57,1889,37
43,243,13-11-2004,Pakistan,Eden Gardens,c Shahid Afridi b Abdul Razzaq,16,34,47.06,1198,31.53,62.3,1923,38
44,247,02-04-2005,Pakistan,Nehru Stadium (Kochi),run out,104,139,74.82,1302,33.38,63.14,2062,39
45,248,05-04-2005,Pakistan,Dr YS Rajasekhara Reddy Cricket Stadium,c Shahid Afridi b Naved-ul-Hasan,52,59,88.14,1354,33.85,63.84,2121,40
46,249,09-04-2005,Pakistan,Keenan Stadium,c Younis Khan b Mohammad Sami,28,30,93.33,1382,33.71,64.25,2151,41
47,250,12-04-2005,Pakistan,Sardar Patel Stadium,c Naved-ul-Hasan b Shoaib Malik,19,13,146.15,1401,33.36,64.74,2164,42
48,251,15-04-2005,Pakistan,Green Park,run out,86,115,74.78,1487,34.58,65.25,2279,43
49,252,17-04-2005,Pakistan,Feroz Shah Kotla,run out,19,29,65.52,1506,34.23,65.25,2308,44
50,276,06-02-2006,Pakistan,Arbab Niaz Stadium,lbw b Naved-ul-Hasan,18,14,128.57,1524,33.87,65.63,2322,45
51,277,11-02-2006,Pakistan,Rawalpindi Cricket Stadium,c & b Shoaib Malik,56,61,91.8,1580,34.35,66.3,2383,46
52,278,13-02-2006,Pakistan,Gaddafi Stadium,run out,22,42,52.38,1602,34.09,66.06,2425,47
53,279,16-02-2006,Pakistan,Multan Cricket Stadium,lbw b Mohammad Sami,59,72,81.94,1661,34.6,66.52,2497,48
54,280,19-02-2006,Pakistan,National Stadium,c Shoaib Malik b Mohammad Sami,50,82,60.98,1711,34.92,66.34,2579,49
55,286,18-04-2006,Pakistan,Sheikh Zayed Stadium,run out,20,29,68.97,1731,34.62,66.37,2608,50
56,287,19-04-2006,Pakistan,Sheikh Zayed Stadium,b Mohammad Asif,92,116,79.31,1823,35.75,66.92,2724,51
57,337,26-09-2009,Pakistan,SuperSport Park,run out,76,103,73.79,1899,36.52,67.17,2827,52
